in:BytesArray = [60, 77, 83, 71, 82, 69, 65, 68, 67, 70, 77, 32, 118, 101, 114, 61, 34, 51, 46, 56, 46, 49, 53, 46, 53, 34, 32, 109, 115, 113, 105, 100, 61, 34, 49, 50, 52, 108, 57, 49, 108, 51, 108, 49, 49, 50, 108, 50, 49, 108, 49, 48, 55, 34, 32, 114, 109, 116, 112, 61, 34, 51, 34, 32, 117, 117, 105, 100, 61, 34, 48, 57, 49, 48, 99, 101, 56, 57, 45, 50, 101, 57, 54, 45, 52, 55, 49, 52, 45, 98, 49, 54, 53, 45, 56, 97, 53, 57, 56, 97, 54, 101, 102, 100, 52, 99, 34, 32, 109, 115, 99, 115, 61, 34, 49, 52, 50, 49, 48, 53, 51, 51, 48, 51, 48, 50, 53, 34, 32, 109, 115, 117, 105, 100, 61, 34, 51, 48, 48, 49, 49, 54, 55, 52, 34, 32, 109, 115, 116, 117, 105, 100, 61, 34, 51, 48, 48, 49, 48, 53, 57, 49, 34, 62, 60, 47, 77, 83, 71, 82, 69, 65, 68, 67, 70, 77, 62];
toString: <MSGREADCFM ver="3.8.15.5" msqid="124l91l3l112l21l107" rmtp="3" uuid="0910ce89-2e96-4714-b165-8a598a6efd4c" mscs="1421053303025" msuid="30011674" mstuid="30010591"></MSGREADCFM>

[1st loop]
before-ecodeliteral: inIndex=127; candidate=106; in.getBytes=[34,32,109,115]=572550515
ecodeliteral: length=inIndex-nextEmit=127; bitLength=6
after-ecodeliteral:  inIerTail+1=136; candidate=121; in.getBytes(candidate)=[51,48,51,48]=858796848

[2nd loop]
before-ecodeliteral: inIndex=149; candidate=131; in.getBytes=[117,105,100,61]=1969841213
ecodeliteral: length=inIndex-nextEmit=13;
after-ecodeliteral:  inIerTail+1=158; candidate=138; in.getBytes(candidate)=[48,49,49,54]=808530230

[3rd loop]
before-ecodeliteral: inIndex=167; candidate=2; in.getBytes=[83,71,82,69]=1397183045
ecodeliteral: length=inIndex-nextEmit=9;
after-ecodeliteral:  inIerTail+1=136; candidate=121; in.getBytes(candidate)=[51,48,51,48]=858796848

_checksum:Array = [-26, 3, -126, -94]
checksum = 

out:ByteArray = [0, -87, 0, 0, -26, 3, -126, -94, -79, 1, -16, 126, 60, 77, 83, 71, 82, 69, 65, 68, 67, 70, 77, 32, 118, 101, 114, 61, 34, 51, 46, 56, 46, 49, 53, 46, 53, 34, 32, 109, 115, 113, 105, 100, 61, 34, 49, 50, 52, 108, 57, 49, 108, 51, 108, 49, 49, 50, 108, 50, 49, 108, 49, 48, 55, 34, 32, 114, 109, 116, 112, 61, 34, 51, 34, 32, 117, 117, 105, 100, 61, 34, 48, 57, 49, 48, 99, 101, 56, 57, 45, 50, 101, 57, 54, 45, 52, 55, 49, 52, 45, 98, 49, 54, 53, 45, 56, 97, 53, 57, 56, 97, 54, 101, 102, 100, 52, 99, 34, 32, 109, 115, 99, 115, 61, 34, 49, 52, 50, 49, 48, 53, 51, 51, 48, 51, 48, 50, 53, 1, 21, 5, 66, 48, 51, 48, 48, 49, 49, 54, 55, 52, 34, 32, 109, 115, 116, 21, 18, 32, 48, 53, 57, 49, 34, 62, 60, 47, 77, 21, -91, 0, 62, 0, 0, 0, 0, 0, 0, 0, 0, 0, 0, 0, 0, 0, 0, 0, 0, 0, 0, 0, 0, 0, 0, 0, 0, 0, 0, 0, 0, 0, 0, 0, 0, 0, 0, 0, 0, 0, 0, 0, 0, 0, 0, 0, 0, 0, 0, 0, 0, 0, 0, 0, 0, 0, 0, 0, 0, 0, 0, 0, 0, 0, 0, 0, 0, 0, 0, 0, 0, 0, 0, 0, 0, 0, 0, 0, 0, 0, 0, 0, 0, 0, 0, 0];


function tostring(a){
   console.log(String.fromCharCode.apply(this, a));
}

function toint(a){
    for(var i=0,len=a.length, r=0; i<len; i++){
        r |= a[i] << (len-1-i)*8;
    }
    console.log(r);
}

function tobytes(a){
    for(var i=0,len=4,r=[];i<len;i++){
        r.push((a >> (len-1-i)*8) & 0xFF);
    }
    console.log(r);
}
